    unsorted:	 2.467971129e-007 2.468397610e-007 3.076185998e-007 4.413556874e-006 1.150420969e-005 -5.923469529e-006 6.459077878e-005 0.001497567478 0.03315060583 3.868854110 8.697462669 20.44547739 48.29346826 47.87468188 56.94521540 62.05639558 182.1984096 174.2166584 198.7916821 143.7174633 213.1264177 116.4427212 230.9846041 310.7199578 395.6016830 452.5510668 481.1497290 506.0688153 526.7635995 590.2069445 601.9320648 627.0525799 686.0887926 696.9004728 822.4803645 828.6544484 923.7379181 1134.066713 1334.673256 1309.985616 1543.025305 1793.553575 1753.983438 1818.490574 1876.323792 1890.958159 2041.092308 2419.263035 2594.365892 2979.694171 3083.602775 3947.841761 3444.703329 3643.476730 4272.571743 4482.896125 4818.500598 4954.913083 5906.779106 6060.009490 6986.312333 7121.888466 7897.528641 9470.844205 10438.52411 10967.09132 11868.45330 13880.00153 14260.61380 17400.23612 21511.79175 25692.53532 266065.4269 265953.3029 265827.6047 266864.1261 267624.9186 268497.8622 264905.7233 269349.3010 269423.7333 270791.0421 271630.0914 272140.8530 262113.3971 261298.5446 260866.6680 260300.7917 259199.9716 257495.5206 273434.4193 255740.9636 255180.2301 252823.5553 278785.1781 244375.9816 245461.8813 242980.5607 282206.5462 238231.6787 235169.6126 286569.3864 223573.2065 219289.1843 217370.6785 297630.4914 201429.3102 193334.3917 187165.6557 178322.2682 430648.8851 429929.9255 429717.6233 429460.6849 430899.3637 431290.5404 428491.8842 428168.7146 427779.7842 431633.5325 427054.0058 426192.5965 426329.6369 432382.1307 433021.3401 433789.4503 422756.1728 422618.7265 423211.8401 421979.4216 434671.9422 420665.9640 437196.4854 415285.0010 441984.5859 406059.2421 445821.8823 317864.5866 450115.8702 453299.1915 386101.4305 353456.4258 457717.1969 146757.5803 111945.9749 114154.5241 88437.95874 477073.4035 479378.1142 489204.7728 505810.7416 565673.0303 601208.7276 609362.6528 676894.1174 668211.3743 797318.4608 843419.2350 5160591.099 7513503.026 54487969.24
      sorted:	 -5.923469529e-006 2.467971129e-007 2.468397610e-007 3.076185998e-007 4.413556874e-006 1.150420969e-005 6.459077878e-005 0.001497567478 0.03315060583 3.868854110 8.697462669 20.44547739 47.87468188 48.29346826 56.94521540 62.05639558 116.4427212 143.7174633 174.2166584 182.1984096 198.7916821 213.1264177 230.9846041 310.7199578 395.6016830 452.5510668 481.1497290 506.0688153 526.7635995 590.2069445 601.9320648 627.0525799 686.0887926 696.9004728 822.4803645 828.6544484 923.7379181 1134.066713 1309.985616 1334.673256 1543.025305 1753.983438 1793.553575 1818.490574 1876.323792 1890.958159 2041.092308 2419.263035 2594.365892 2979.694171 3083.602775 3444.703329 3643.476730 3947.841761 4272.571743 4482.896125 4818.500598 4954.913083 5906.779106 6060.009490 6986.312333 7121.888466 7897.528641 9470.844205 10438.52411 10967.09132 11868.45330 13880.00153 14260.61380 17400.23612 21511.79175 25692.53532 88437.95874 111945.9749 114154.5241 146757.5803 178322.2682 187165.6557 193334.3917 201429.3102 217370.6785 219289.1843 223573.2065 235169.6126 238231.6787 242980.5607 244375.9816 245461.8813 252823.5553 255180.2301 255740.9636 257495.5206 259199.9716 260300.7917 260866.6680 261298.5446 262113.3971 264905.7233 265827.6047 265953.3029 266065.4269 266864.1261 267624.9186 268497.8622 269349.3010 269423.7333 270791.0421 271630.0914 272140.8530 273434.4193 278785.1781 282206.5462 286569.3864 297630.4914 317864.5866 353456.4258 386101.4305 406059.2421 415285.0010 420665.9640 421979.4216 422618.7265 422756.1728 423211.8401 426192.5965 426329.6369 427054.0058 427779.7842 428168.7146 428491.8842 429460.6849 429717.6233 429929.9255 430648.8851 430899.3637 431290.5404 431633.5325 432382.1307 433021.3401 433789.4503 434671.9422 437196.4854 441984.5859 445821.8823 450115.8702 453299.1915 457717.1969 477073.4035 479378.1142 489204.7728 505810.7416 565673.0303 601208.7276 609362.6528 668211.3743 676894.1174 797318.4608 843419.2350 5160591.099 7513503.026 54487969.24
