    unsorted:	 2.467673816e-007 2.837846543e-007 4.639180064e-007 1.798470782e-005 2.051546436e-005 0.0001219582008 0.0001595679381 0.0003396592728 0.0003276972186 0.0003598917958 0.0004224372419 0.0004421039372 0.0005336461196 0.0007376941419 0.0007423157071 0.001278924801 0.001196921572 0.001809081753 0.001833763068 0.002119757167 0.04217315917 0.04224148039 0.03860092487 0.03723857284 0.02409949456 1700.413615 1697.181560 1697.001665 1696.780818 1697.792259 1695.946515 1695.788775 1700.651586 1699.587199 1700.990352 1702.235251 1694.377799 1693.617817 1703.453547 1704.603895 1707.821877 1709.600481 1689.568809 1713.439974 1714.537109 1715.175833 1716.768253 1718.326937 1720.539739 1685.594296 1725.360589 1730.333402 1675.281528 1758.697355 1795.169843 1811.947555 1847.895311 1854.288974 1481.233548 38.68234964 51.59605272 102.8344101 104.7942257 1236.161489 1097.732686 1056.673262 224.1460719 208.3931832 343.0830324 744.4309921 682.4708181 610.9062927 466.8003116 2388.418009 2934.099504 4103.920852 4837.011966 98617.97380 98612.13383 98669.31709 98535.09190 98758.67336 98798.40798 98826.58689 98391.71396 98317.16231 98194.16353 97970.49434 97941.14297 97779.57953 99140.77042 99377.39033 97264.64113 96922.55812 96939.30223 97060.23126 96128.91614 95117.34029 102809.5743 91818.90741 104437.5196 89362.24649 106284.2945 84386.54038 109736.0716 17665.63725 76313.32652 33900.66191 60594.44475 118937.3358 162876.3661 227748.6035 373149.8094 530088.5833 627400.5613 915868.7998 5021221.490 69426583.24 3.099194654e-007 3.084251375e-007 3947.841761
      sorted:	 2.467673816e-007 2.837846543e-007 3.084251375e-007 3.099194654e-007 4.639180064e-007 1.798470782e-005 2.051546436e-005 0.0001219582008 0.0001595679381 0.0003276972186 0.0003396592728 0.0003598917958 0.0004224372419 0.0004421039372 0.0005336461196 0.0007376941419 0.0007423157071 0.001196921572 0.001278924801 0.001809081753 0.001833763068 0.002119757167 0.02409949456 0.03723857284 0.03860092487 0.04217315917 0.04224148039 38.68234964 51.59605272 102.8344101 104.7942257 208.3931832 224.1460719 343.0830324 466.8003116 610.9062927 682.4708181 744.4309921 1056.673262 1097.732686 1236.161489 1481.233548 1675.281528 1685.594296 1689.568809 1693.617817 1694.377799 1695.788775 1695.946515 1696.780818 1697.001665 1697.181560 1697.792259 1699.587199 1700.413615 1700.651586 1700.990352 1702.235251 1703.453547 1704.603895 1707.821877 1709.600481 1713.439974 1714.537109 1715.175833 1716.768253 1718.326937 1720.539739 1725.360589 1730.333402 1758.697355 1795.169843 1811.947555 1847.895311 1854.288974 2388.418009 2934.099504 3947.841761 4103.920852 4837.011966 17665.63725 33900.66191 60594.44475 76313.32652 84386.54038 89362.24649 91818.90741 95117.34029 96128.91614 96922.55812 96939.30223 97060.23126 97264.64113 97779.57953 97941.14297 97970.49434 98194.16353 98317.16231 98391.71396 98535.09190 98612.13383 98617.97380 98669.31709 98758.67336 98798.40798 98826.58689 99140.77042 99377.39033 102809.5743 104437.5196 106284.2945 109736.0716 118937.3358 162876.3661 227748.6035 373149.8094 530088.5833 627400.5613 915868.7998 5021221.490 69426583.24
