datafile
sm19.dat
controlfile
sm19.ctl
projectfile
sm19.prj
syr
1978
nyrRetro
2018
nseason
5
nfleet
5
nsex
1
nshell
1
nmature
1
nclass
3
season_recruitment
5
season_growth
5
season_ssb
4
season_N
1
nSizeSex
 3
size_breaks
 90 105 120 135
fleetname
Pot_Fishery
Trawl_Bycatch
Fixed_bycatch
NMFS_Trawl
ADFG_Pot
nCatchDF
4
obs_catch
 436126 52966 33162 1.04562e+006 1.93589e+006 1.93199e+006 841017 436021 219548 227447 280401 247641 391405 726519 545222 630353 827015 666905 660665 939822 635370 103376 298669 437862 379386 69109 24407
 254.979 531.448 1050.39 951.463 1210.76 363.112 528.524 1382.83 781.103 123.371 304.656 481.357 437.336 45.484 21.1938 0.0211938 0.0211938 0.214868
 3.538 1.996 1.542 0.318 0.635 0.5 0.5 0.5 0.5 0.5 0.5 0.726 0.998 0.091 0.5 2.812 0.045 0.272 0.638 0.36 0.17 0.011 0.163 0.01 0.01 0.229 0.052 0.001
 0.045 2.268 0.5 0.091 0.136 0.045 0.181 0.907 1.361 0.5 0.862 0.408 1.134 0.635 0.59 1.451 69.717 6.622 7.522 9.564 0.796 0.739 0.341 0.49 0.711 1.633 6.032 1.281
catch_cv
 0.03 0.03 0.03 0.03 0.03 0.03 0.03 0.03 0.03 0.03 0.03 0.03 0.03 0.03 0.03 0.03 0.03 0.03 0.03 0.03 0.03 0.03 0.03 0.03 0.03 0.03 0.03
 0.6 0.6 0.6 0.6 0.6 0.6 0.6 0.6 0.6 0.2 0.2 0.2 0.2 0.2 0.2 0.2 0.2 0.2
 0.31 0.31 0.31 0.31 0.31 0.31 0.31 0.31 0.31 0.31 0.31 0.31 0.31 0.31 0.31 0.31 0.31 0.31 0.31 0.31 0.31 0.31 0.31 0.31 0.31 0.31 0.31 0.31
 0.31 0.31 0.31 0.31 0.31 0.31 0.31 0.31 0.31 0.31 0.31 0.31 0.31 0.31 0.31 0.31 0.31 0.31 0.31 0.31 0.31 0.31 0.31 0.31 0.31 0.31 0.31 0.31
nFparams
 30 28 28 0 0
nYparams
 0 0 0 0 0
fhit
 0 0 0 0 0
 0 0 0 0 0
 1 0 0 0 0
 0 0 0 0 0
 0 0 0 0 0
 0 0 0 0 0
 0 0 0 0 0
 1 0 0 0 0
 0 0 0 0 0
 0 0 0 0 0
 0 0 0 0 0
 0 0 0 0 0
 1 0 0 0 0
 0 0 0 0 0
 0 0 0 0 0
 0 0 0 0 0
 0 0 0 0 0
 1 0 0 0 0
 0 0 0 0 0
 0 0 0 0 0
 0 0 0 0 0
 0 0 0 0 0
 1 0 0 0 0
 0 0 0 0 0
 0 0 0 0 0
 0 0 0 0 0
 0 0 0 0 0
 1 0 0 0 0
 0 0 0 0 0
 0 0 0 0 0
 0 0 0 0 0
 0 0 0 0 0
 1 0 0 0 0
 0 0 0 0 0
 0 0 0 0 0
 0 0 0 0 0
 0 0 0 0 0
 1 0 0 0 0
 0 0 0 0 0
 0 0 0 0 0
 0 0 0 0 0
 0 0 0 0 0
 1 0 0 0 0
 0 0 0 0 0
 0 0 0 0 0
 0 0 0 0 0
 0 0 0 0 0
 1 0 0 0 0
 0 0 0 0 0
 0 0 0 0 0
 0 0 0 0 0
 0 0 0 0 0
 1 0 0 0 0
 0 0 0 0 0
 0 0 0 0 0
 0 0 0 0 0
 0 0 0 0 0
 1 0 0 0 0
 0 0 0 0 0
 0 0 0 0 0
 0 0 0 0 0
 0 0 0 0 0
 1 0 0 0 0
 0 0 0 0 0
 0 0 0 0 0
 0 0 0 0 0
 0 1 1 0 0
 1 0 0 0 0
 0 0 0 0 0
 0 0 0 0 0
 0 0 0 0 0
 0 1 1 0 0
 1 0 0 0 0
 0 0 0 0 0
 0 0 0 0 0
 0 0 0 0 0
 0 1 1 0 0
 1 0 0 0 0
 0 0 0 0 0
 0 0 0 0 0
 0 0 0 0 0
 0 1 1 0 0
 1 0 0 0 0
 0 0 0 0 0
 0 0 0 0 0
 0 0 0 0 0
 0 1 1 0 0
 1 0 0 0 0
 0 0 0 0 0
 0 0 0 0 0
 0 0 0 0 0
 0 1 1 0 0
 1 0 0 0 0
 0 0 0 0 0
 0 0 0 0 0
 0 0 0 0 0
 0 1 1 0 0
 1 0 0 0 0
 0 0 0 0 0
 0 0 0 0 0
 0 0 0 0 0
 0 1 1 0 0
 1 0 0 0 0
 0 0 0 0 0
 0 0 0 0 0
 0 0 0 0 0
 0 1 1 0 0
 0 0 0 0 0
 0 0 0 0 0
 0 0 0 0 0
 0 0 0 0 0
 0 1 1 0 0
 0 0 0 0 0
 0 0 0 0 0
 0 0 0 0 0
 0 0 0 0 0
 0 1 1 0 0
 0 0 0 0 0
 0 0 0 0 0
 0 0 0 0 0
 0 0 0 0 0
 0 1 1 0 0
 0 0 0 0 0
 0 0 0 0 0
 0 0 0 0 0
 0 0 0 0 0
 0 1 1 0 0
 0 0 0 0 0
 0 0 0 0 0
 0 0 0 0 0
 0 0 0 0 0
 0 1 1 0 0
 0 0 0 0 0
 0 0 0 0 0
 0 0 0 0 0
 0 0 0 0 0
 0 1 1 0 0
 0 0 0 0 0
 0 0 0 0 0
 0 0 0 0 0
 0 0 0 0 0
 0 1 1 0 0
 0 0 0 0 0
 0 0 0 0 0
 0 0 0 0 0
 0 0 0 0 0
 0 1 1 0 0
 0 0 0 0 0
 0 0 0 0 0
 0 0 0 0 0
 0 0 0 0 0
 0 1 1 0 0
 0 0 0 0 0
 0 0 0 0 0
 0 0 0 0 0
 0 0 0 0 0
 0 1 1 0 0
 1 0 0 0 0
 0 0 0 0 0
 0 0 0 0 0
 0 0 0 0 0
 0 1 1 0 0
 1 0 0 0 0
 0 0 0 0 0
 0 0 0 0 0
 0 0 0 0 0
 0 1 1 0 0
 1 0 0 0 0
 0 0 0 0 0
 0 0 0 0 0
 0 0 0 0 0
 0 1 1 0 0
 1 0 0 0 0
 0 0 0 0 0
 0 0 0 0 0
 0 0 0 0 0
 0 1 1 0 0
 0 0 0 0 0
 0 0 0 0 0
 0 0 0 0 0
 0 0 0 0 0
 0 1 1 0 0
 1 0 0 0 0
 0 0 0 0 0
 0 0 0 0 0
 0 0 0 0 0
 0 1 1 0 0
 1 0 0 0 0
 0 0 0 0 0
 0 0 0 0 0
 0 0 0 0 0
 0 1 1 0 0
 1 0 0 0 0
 0 0 0 0 0
 0 0 0 0 0
 0 0 0 0 0
 0 1 1 0 0
 1 0 0 0 0
 0 0 0 0 0
 0 0 0 0 0
 0 0 0 0 0
 0 1 1 0 0
 1 0 0 0 0
 0 0 0 0 0
 0 0 0 0 0
yhit
 0 0 0 0 0
 0 0 0 0 0
 0 0 0 0 0
 0 0 0 0 0
 0 0 0 0 0
 0 0 0 0 0
 0 0 0 0 0
 0 0 0 0 0
 0 0 0 0 0
 0 0 0 0 0
 0 0 0 0 0
 0 0 0 0 0
 0 0 0 0 0
 0 0 0 0 0
 0 0 0 0 0
 0 0 0 0 0
 0 0 0 0 0
 0 0 0 0 0
 0 0 0 0 0
 0 0 0 0 0
 0 0 0 0 0
 0 0 0 0 0
 0 0 0 0 0
 0 0 0 0 0
 0 0 0 0 0
 0 0 0 0 0
 0 0 0 0 0
 0 0 0 0 0
 0 0 0 0 0
 0 0 0 0 0
 0 0 0 0 0
 0 0 0 0 0
 0 0 0 0 0
 0 0 0 0 0
 0 0 0 0 0
 0 0 0 0 0
 0 0 0 0 0
 0 0 0 0 0
 0 0 0 0 0
 0 0 0 0 0
 0 0 0 0 0
 0 0 0 0 0
 0 0 0 0 0
 0 0 0 0 0
 0 0 0 0 0
 0 0 0 0 0
 0 0 0 0 0
 0 0 0 0 0
 0 0 0 0 0
 0 0 0 0 0
 0 0 0 0 0
 0 0 0 0 0
 0 0 0 0 0
 0 0 0 0 0
 0 0 0 0 0
 0 0 0 0 0
 0 0 0 0 0
 0 0 0 0 0
 0 0 0 0 0
 0 0 0 0 0
 0 0 0 0 0
 0 0 0 0 0
 0 0 0 0 0
 0 0 0 0 0
 0 0 0 0 0
 0 0 0 0 0
 0 0 0 0 0
 0 0 0 0 0
 0 0 0 0 0
 0 0 0 0 0
 0 0 0 0 0
 0 0 0 0 0
 0 0 0 0 0
 0 0 0 0 0
 0 0 0 0 0
 0 0 0 0 0
 0 0 0 0 0
 0 0 0 0 0
 0 0 0 0 0
 0 0 0 0 0
 0 0 0 0 0
 0 0 0 0 0
 0 0 0 0 0
 0 0 0 0 0
 0 0 0 0 0
 0 0 0 0 0
 0 0 0 0 0
 0 0 0 0 0
 0 0 0 0 0
 0 0 0 0 0
 0 0 0 0 0
 0 0 0 0 0
 0 0 0 0 0
 0 0 0 0 0
 0 0 0 0 0
 0 0 0 0 0
 0 0 0 0 0
 0 0 0 0 0
 0 0 0 0 0
 0 0 0 0 0
 0 0 0 0 0
 0 0 0 0 0
 0 0 0 0 0
 0 0 0 0 0
 0 0 0 0 0
 0 0 0 0 0
 0 0 0 0 0
 0 0 0 0 0
 0 0 0 0 0
 0 0 0 0 0
 0 0 0 0 0
 0 0 0 0 0
 0 0 0 0 0
 0 0 0 0 0
 0 0 0 0 0
 0 0 0 0 0
 0 0 0 0 0
 0 0 0 0 0
 0 0 0 0 0
 0 0 0 0 0
 0 0 0 0 0
 0 0 0 0 0
 0 0 0 0 0
 0 0 0 0 0
 0 0 0 0 0
 0 0 0 0 0
 0 0 0 0 0
 0 0 0 0 0
 0 0 0 0 0
 0 0 0 0 0
 0 0 0 0 0
 0 0 0 0 0
 0 0 0 0 0
 0 0 0 0 0
 0 0 0 0 0
 0 0 0 0 0
 0 0 0 0 0
 0 0 0 0 0
 0 0 0 0 0
 0 0 0 0 0
 0 0 0 0 0
 0 0 0 0 0
 0 0 0 0 0
 0 0 0 0 0
 0 0 0 0 0
 0 0 0 0 0
 0 0 0 0 0
 0 0 0 0 0
 0 0 0 0 0
 0 0 0 0 0
 0 0 0 0 0
 0 0 0 0 0
 0 0 0 0 0
 0 0 0 0 0
 0 0 0 0 0
 0 0 0 0 0
 0 0 0 0 0
 0 0 0 0 0
 0 0 0 0 0
 0 0 0 0 0
 0 0 0 0 0
 0 0 0 0 0
 0 0 0 0 0
 0 0 0 0 0
 0 0 0 0 0
 0 0 0 0 0
 0 0 0 0 0
 0 0 0 0 0
 0 0 0 0 0
 0 0 0 0 0
 0 0 0 0 0
 0 0 0 0 0
 0 0 0 0 0
 0 0 0 0 0
 0 0 0 0 0
 0 0 0 0 0
 0 0 0 0 0
 0 0 0 0 0
 0 0 0 0 0
 0 0 0 0 0
 0 0 0 0 0
 0 0 0 0 0
 0 0 0 0 0
 0 0 0 0 0
 0 0 0 0 0
 0 0 0 0 0
 0 0 0 0 0
 0 0 0 0 0
 0 0 0 0 0
 0 0 0 0 0
 0 0 0 0 0
 0 0 0 0 0
 0 0 0 0 0
 0 0 0 0 0
 0 0 0 0 0
 0 0 0 0 0
 0 0 0 0 0
 0 0 0 0 0
 0 0 0 0 0
 0 0 0 0 0
 0 0 0 0 0
 0 0 0 0 0
 0 0 0 0 0
 0 0 0 0 0
 0 0 0 0 0
dmr
 0.2 0 0 0 0
 0.2 0 0 0 0
 0.2 0 0 0 0
 0.2 0 0 0 0
 0.2 0 0 0 0
 0.2 0 0 0 0
 0.2 0 0 0 0
 0.2 0 0 0 0
 0.2 0 0 0 0
 0.2 0 0 0 0
 0.2 0 0 0 0
 0.2 0 0 0 0
 0.2 0 0 0 0
 0.2 0.8 0.5 0 0
 0.2 0.8 0.5 0 0
 0.2 0.8 0.5 0 0
 0.2 0.8 0.5 0 0
 0.2 0.8 0.5 0 0
 0.2 0.8 0.5 0 0
 0.2 0.8 0.5 0 0
 0.2 0.8 0.5 0 0
 0 0.8 0.5 0 0
 0 0.8 0.5 0 0
 0 0.8 0.5 0 0
 0 0.8 0.5 0 0
 0 0.8 0.5 0 0
 0 0.8 0.5 0 0
 0 0.8 0.5 0 0
 0 0.8 0.5 0 0
 0 0.8 0.5 0 0
 0 0.8 0.5 0 0
 0.2 0.8 0.5 0 0
 0.2 0.8 0.5 0 0
 0.2 0.8 0.5 0 0
 0.2 0.8 0.5 0 0
 0 0.8 0.5 0 0
 0.2 0.8 0.5 0 0
 0.2 0.8 0.5 0 0
 0.2 0.8 0.5 0 0
 0.2 0.8 0.5 0 0
 0.2 0.8 0.5 0 0
nSurveys
2
obs_cpue
 6832.82 7989.88 9986.83 6551.13 16221.9 9634.25 4071.22 3110.54 1416.85 2278.92 3158.17 6338.62 6730.13 6948.18 7093.27 9548.46 6539.13 5703.59 9410.4 10924.1 7976.84 1594.55 2096.8 2831.44 1732.6 1566.67 1523.87 1642.02 3893.88 6470.77 4654.47 6301.47 11130.9 10931.2 6200.22 2287.56 6029.22 5877.43 3485.91 1793.76 1730.74 3170.47 12042 12531 8477 1667 8643 10209 5643 2805 2378 1689 745
cpue_cv
 0.394 0.463 0.507 0.402 0.344 0.298 0.179 0.21 0.388 0.291 0.252 0.271 0.274 0.248 0.201 0.169 0.176 0.178 0.241 0.337 0.355 0.182 0.31 0.245 0.32 0.336 0.305 0.371 0.334 0.385 0.284 0.256 0.466 0.558 0.339 0.217 0.449 0.77 0.393 0.599 0.281 0.337 0.13 0.06 0.08 0.15 0.09 0.13 0.19 0.18 0.186 0.25 0.14
cpue_sd
 0.379875 0.440709 0.478296 0.387042 0.334428 0.291684 0.177591 0.207738 0.374479 0.285107 0.248131 0.266213 0.269056 0.244309 0.199013 0.167812 0.174659 0.176614 0.237607 0.327979 0.34452 0.180519 0.302917 0.241438 0.312233 0.327056 0.298243 0.359106 0.325209 0.371776 0.278511 0.251948 0.443302 0.520642 0.329824 0.214509 0.42855 0.682317 0.378976 0.553717 0.275678 0.327979 0.129456 0.0599461 0.0798724 0.149166 0.0898185 0.129456 0.188318 0.178567 0.184421 0.246221 0.139321
nSizeComps_in
3
nSizeCompRows_in
 15 42 11
nSizeCompCols_in
 3 3 3
d3_obs_size_comps_in
 0.1133 0.3933 0.4933
 0.1329 0.1768 0.6902
 0.1905 0.2677 0.5417
 0.2807 0.2097 0.5096
 0.2942 0.2714 0.4344
 0.1478 0.2127 0.6395
 0.1595 0.2229 0.6176
 0.1818 0.2053 0.6128
 0.1927 0.2162 0.5911
 0.1413 0.3235 0.5352
 0.1314 0.3152 0.5534
 0.1314 0.3051 0.5636
 0.1417 0.3178 0.5406
 0.0939 0.2275 0.6786
 0.1148 0.2518 0.6333
 0.3865 0.3478 0.2657
 0.4281 0.319 0.2529
 0.3588 0.322 0.3192
 0.1219 0.3065 0.5716
 0.1671 0.2435 0.5893
 0.1752 0.2726 0.5522
 0.1823 0.2085 0.6092
 0.2023 0.201 0.5967
 0.1984 0.4364 0.3652
 0.1944 0.3779 0.4277
 0.1879 0.3737 0.4384
 0.4246 0.2259 0.3496
 0.238 0.2332 0.5288
 0.2274 0.33 0.4426
 0.2263 0.2911 0.4826
 0.2296 0.2759 0.4945
 0.1989 0.2926 0.5085
 0.2593 0.3005 0.4403
 0.1998 0.3054 0.4948
 0.1622 0.3102 0.5275
 0.1276 0.3212 0.5511
 0.2224 0.2214 0.5562
 0.2154 0.218 0.5665
 0.2253 0.2699 0.5048
 0.1127 0.2346 0.6527
 0.3762 0.2345 0.3893
 0.2488 0.1848 0.5663
 0.2825 0.2744 0.4431
 0.3276 0.2293 0.4431
 0.4394 0.3525 0.2081
 0.3745 0.2219 0.4036
 0.3057 0.4202 0.2741
 0.4081 0.3371 0.2548
 0.2179 0.394 0.3881
 0.1573 0.4393 0.4034
 0.21 0.2834 0.5065
 0.1738 0.3912 0.435
 0.234 0.2994 0.4666
 0.2255 0.278 0.4965
 0.0849 0.2994 0.6157
 0.1475 0.2219 0.6306
 0.1961 0.2346 0.5692
 0.1594 0.2656 0.5751
 0.0769 0.2205 0.7026
 0.1493 0.2049 0.6457
 0.0672 0.2484 0.6845
 0.1257 0.3148 0.5595
 0.1299 0.3209 0.5492
 0.1556 0.2477 0.5967
 0.0706 0.2431 0.6859
 0.0832 0.1917 0.7251
 0.1048 0.254 0.6412
 0.10201 0.21611 0.68188
GrowthObsType
0
nGrowthObs
0
eof
9999
ntheta
12
lw_type
3
mean_wt
 0.000748427 0.00116573 0.00193051
 0.000748427 0.00116573 0.00168889
 0.000748427 0.00116573 0.00192225
 0.000748427 0.00116573 0.00187796
 0.000748427 0.00116573 0.00193863
 0.000748427 0.00116573 0.00207641
 0.000748427 0.00116573 0.00189933
 0.000748427 0.00116573 0.00211669
 0.000748427 0.00116573 0.00193878
 0.000748427 0.00116573 0.00193976
 0.000748427 0.00116573 0.00187107
 0.000748427 0.00116573 0.0019983
 0.000748427 0.00116573 0.00187042
 0.000748427 0.00116573 0.00196941
 0.000748427 0.00116573 0.00192686
 0.000748427 0.00116573 0.00202149
 0.000748427 0.00116573 0.00193132
 0.000748427 0.00116573 0.00201441
 0.000748427 0.00116573 0.00197747
 0.000748427 0.00116573 0.00209925
 0.000748427 0.00116573 0.00198248
 0.000748427 0.00116573 0.00193093
 0.000748427 0.00116573 0.00193093
 0.000748427 0.00116573 0.00193093
 0.000748427 0.00116573 0.00193093
 0.000748427 0.00116573 0.00193093
 0.000748427 0.00116573 0.00193093
 0.000748427 0.00116573 0.00193093
 0.000748427 0.00116573 0.00193093
 0.000748427 0.00116573 0.00193093
 0.000748427 0.00116573 0.00193093
 0.000748427 0.00116573 0.00189163
 0.000748427 0.00116573 0.00179572
 0.000748427 0.00116573 0.00182311
 0.000748427 0.00116573 0.00180743
 0.000748427 0.00116573 0.00193093
 0.000748427 0.00116573 0.00189463
 0.000748427 0.00116573 0.00185061
 0.000748427 0.00116573 0.00193093
 0.000748427 0.00116573 0.00193093
 0.000748427 0.00116573 0.00193093
 0.000748427 0.00116573 0.00193093
maturity
 0 1 1
legal
 0 0 1
bUseCustomGrowthMatrix
1
bUseGrowthIncrementModel
0
bUseCustomMoltProbility
2
nSizeClassRec
 1
nSizeIncVaries
 1
nMoltVaries
 1
BetaParRelative
1
iYrIncChanges
 1 1 1 1 1 1 1 1 1 1 1 1 1 1 1 1 1 1 1 1 1 1 1 1 1 1 1 1 1 1 1 1 1 1 1 1 1 1 1 1 1
nGrwth
2
trans(CustomGrowthMatrix(h,i))
 0.1761 0 0
 0.7052 0.2206 0
 0.1187 0.7794 1
slx_priors
 0 0.001 1
 0 0.001 1
 0 0.001 2
 0 0.001 1
 0 0.001 1
 0 0.001 2
 0 10 200
 0 10 200
 0 10 200
 0 10 200
 0 0.001 1
 0 0.001 1
 0 0.001 1
 0 0.001 1
 0 0.001 1
 0 0.001 2
 0 50 200
 0 110 200
 0 1 999
 0 1 999
 0 1 999
 0 1 999
prior_qtype
 0 0
prior_p1
 0.5 0
prior_p2
 1.2 5
cpue_lambda
 1 1
prior_add_cv_type
 4 4
prior_add_cv_p1
 1 1
prior_add_cv_p2
 100 100
f_phz
 1 1 1 -1 -1
foff_phz
 -1 -1 -1 -1 -1
fbar_lb
 -12 -12 -12 -12 -12
fbar_ub
 4 4 4 4 4
fdev_lb
 -10 -10 -10 -10 -10
fdev_ub
 10 10 10 10 10
foff_lb
 -10 -10 -10 -10 -10
foff_ub
 10 10 10 10 10
d3_obs_size_comps
 0.113311 0.393339 0.493349
 0.132913 0.176818 0.690269
 0.190519 0.267727 0.541754
 0.2807 0.2097 0.5096
 0.2942 0.2714 0.4344
 0.1478 0.2127 0.6395
 0.1595 0.2229 0.6176
 0.181818 0.205321 0.612861
 0.1927 0.2162 0.5911
 0.1413 0.3235 0.5352
 0.1314 0.3152 0.5534
 0.131387 0.305069 0.563544
 0.141686 0.317768 0.540546
 0.0939 0.2275 0.6786
 0.114811 0.251825 0.633363
 0.3865 0.3478 0.2657
 0.4281 0.319 0.2529
 0.3588 0.322 0.3192
 0.1219 0.3065 0.5716
 0.167117 0.243524 0.589359
 0.1752 0.2726 0.5522
 0.1823 0.2085 0.6092
 0.2023 0.201 0.5967
 0.1984 0.4364 0.3652
 0.1944 0.3779 0.4277
 0.1879 0.3737 0.4384
 0.424558 0.225877 0.349565
 0.238 0.2332 0.5288
 0.2274 0.33 0.4426
 0.2263 0.2911 0.4826
 0.2296 0.2759 0.4945
 0.1989 0.2926 0.5085
 0.259274 0.30047 0.440256
 0.1998 0.3054 0.4948
 0.162216 0.310231 0.527553
 0.127613 0.321232 0.551155
 0.2224 0.2214 0.5562
 0.215422 0.218022 0.566557
 0.2253 0.2699 0.5048
 0.1127 0.2346 0.6527
 0.3762 0.2345 0.3893
 0.248825 0.184818 0.566357
 0.2825 0.2744 0.4431
 0.3276 0.2293 0.4431
 0.4394 0.3525 0.2081
 0.3745 0.2219 0.4036
 0.3057 0.4202 0.2741
 0.4081 0.3371 0.2548
 0.2179 0.394 0.3881
 0.1573 0.4393 0.4034
 0.210021 0.283428 0.506551
 0.1738 0.3912 0.435
 0.234 0.2994 0.4666
 0.2255 0.278 0.4965
 0.0849 0.2994 0.6157
 0.1475 0.2219 0.6306
 0.19612 0.234623 0.569257
 0.159384 0.265573 0.575042
 0.0769 0.2205 0.7026
 0.149315 0.20492 0.645765
 0.0671933 0.248375 0.684432
 0.1257 0.3148 0.5595
 0.1299 0.3209 0.5492
 0.1556 0.2477 0.5967
 0.0706283 0.243197 0.686174
 0.0832 0.1917 0.7251
 0.1048 0.254 0.6412
 0.10201 0.21611 0.68188
m_type
6
Mdev_phz_def
3
m_stdev
10
m_nNodes_sex
 2
nSizeDevs
0
Init_Mdev
1
prior_m_mat_type
 1
prior_m_mat_p1
 0
prior_m_mat_p2
 0.1
catch_emphasis
 1 1 1 1
Penalty_emphasis
 10000 1 1 1 0 0 1 10 0
eof_ctl
9999
Calc_MSY
1
Ffixed
 0 1 1 1 1
spr_syr
1978
spr_nyr
2018
SexR_syr
1979
SexR_nyr
2018
spr_aveF_syr
2014
spr_aveF_nyr
2018
spr_target
0.35
OFLTier
4
OFLalpha
0.1
OFLbeta
0.25
OFLgamma
1
ABCBuffer
0.8
Compute_yield_prj
0
pyr
2067
prj_Nstrat
2
prj_lowF
0
prj_hiF
0.18
prj_bycatch_on
1
prj_replicates
2
Fixed_prj_Bmsy
-3423.8
Stock_rec_prj
4
Age_at_rec_prj
7
prj_futRec_syr
1978
prj_futRec_nyr
2018
mean_rec_prj
500000
SigmaR_prj
1e-005
Prow_prj
0
Initial_eps
0
Apply_HCR_prj
1
MeanWStateMature
0.00172963
MeanWStateLegal
0.00193093
max_prj
10
eof_prj
9999
theta
 0.18 14.3 10 13.39 80 0.25 0.2 0.75 0.01 14.5 14 13.5
Grwth
 121.5 0.06
log_slx_pars
 -0.916291 -0.356675 0 -0.916291 -0.916291 0 3.68888 4.09434 3.68888 4.09434 -0.356675 -0.223144 -0.105361 -0.916291 -0.356675 0 4.78749 4.81218 6.38856 6.38856 6.38856 6.38856
Asymret
 1e-006
f_phz
 1 1 1 -1 -1
log_fbar
 -1.60944 -9.21034 -9.21034 -4 -4
nFparams
 30 28 28 0 0
log_fdev(I)
 0 0 0 0 0 0 0 0 0 0 0 0 0 0 0 0 0 0 0 0 0 0 0 0 0 0 0 0 0 0
log_fdev(I)
 0 0 0 0 0 0 0 0 0 0 0 0 0 0 0 0 0 0 0 0 0 0 0 0 0 0 0 0
log_fdev(I)
 0 0 0 0 0 0 0 0 0 0 0 0 0 0 0 0 0 0 0 0 0 0 0 0 0 0 0 0
log_fdev(I)

log_fdev(I)

log_foff
 0 0 0 0 0
foff_phz
 -1 -1 -1 -1 -1
nYparams
 0 0 0 0 0
log_fdov(I)

log_fdov(I)

log_fdov(I)

log_fdov(I)

log_fdov(I)

rec_ini
 0 0 0
rec_dev_est
 0 0 0 0 0 0 0 0 0 0 0 0 0 0 0 0 0 0 0 0 0 0 0 0 0 0 0 0 0 0 0 0 0 0 0 0 0 0 0 0 0
logit_rec_prop_est
 -0 -0 -0 -0 -0 -0 -0 -0 -0 -0 -0 -0 -0 -0 -0 -0 -0 -0 -0 -0 -0 -0 -0 -0 -0 -0 -0 -0 -0 -0 -0 -0 -0 -0 -0 -0 -0 -0 -0 -0 -0
nMdev
2
nsex
1
nMdev_par_cnt
 2
m_dev_sex
 0 0
Msize
 0 0 0
m_mat_mult
 0
log_vn
 0 0 0
survey_q
 1 0.003
log_add_cv
 -16.1181 -16.1181
