    unsorted:	 2684.256433 2684.438394 2684.700109 2685.703664 2682.923548 2682.190872 2686.615143 2687.214649 2688.482294 2689.391856 2690.051063 2678.829289 2678.649059 2678.117361 2676.645356 2690.961659 2672.591004 2669.764169 2669.134367 2666.104131 2664.937721 2663.952295 2696.400021 2660.238204 2700.640091 2650.589597 2645.066070 2639.147850 2711.475483 2631.248736 2629.257848 2617.201814 2610.630904 2729.626152 2589.050305 2582.846666 2559.726302 2551.404428 2542.171626 2533.426626 2766.395157 2510.595915 2488.472842 2466.132079 2443.038949 2420.511874 2361.942183 2323.549264 2315.659791 2232.828765 2164.198580 2130.749499 2042.232605 1943.392540 3139.778517 1811.559417 1722.680799 1691.964002 1558.496607 1448.188340 1419.749403 1354.585715 1298.541747 1208.960917 1240.200373 1164.619474 3241.648962 1057.094408 1007.779092 941.1970219 907.5970284 621.6913320 625.7267882 531.9011312 654.4764639 680.2454473 553.4652213 544.1704909 501.7228565 485.9767914 478.8829346 464.4390402 794.5534348 765.1127108 431.9692985 408.4691068 394.6718557 382.9305878 351.3020584 317.9239877 282.3240909 277.1710467 252.0776822 0.0001984126559 0.0001188196991 0.001560124235 157.3075343 100.0163937 101.6627825 77.36876621 47.59649123 3504.654551 3554.335159 3947.841761 3983.054624 4260.047865 4708.203321 5262.954285 6024.080282 7065.633592 11197.88785 17400.06442 30347.60975 44628.63113 65211.16794 83033.38686 242963.0236 240991.1441 240364.2137 245054.9192 248972.6206 251019.7168 251467.6134 261103.7213 260137.6958 262438.9250 264720.0038 266472.1744 225470.7402 271170.7822 272879.3432 215081.8124 194690.4113 175287.9454 172754.7901 146879.3694 156333.4677 283713.2302 287122.6289 322374.8417 335734.8081 364290.3364 1093124.102 2749901.266 11746243.77
      sorted:	 0.0001188196991 0.0001984126559 0.001560124235 47.59649123 77.36876621 100.0163937 101.6627825 157.3075343 252.0776822 277.1710467 282.3240909 317.9239877 351.3020584 382.9305878 394.6718557 408.4691068 431.9692985 464.4390402 478.8829346 485.9767914 501.7228565 531.9011312 544.1704909 553.4652213 621.6913320 625.7267882 654.4764639 680.2454473 765.1127108 794.5534348 907.5970284 941.1970219 1007.779092 1057.094408 1164.619474 1208.960917 1240.200373 1298.541747 1354.585715 1419.749403 1448.188340 1558.496607 1691.964002 1722.680799 1811.559417 1943.392540 2042.232605 2130.749499 2164.198580 2232.828765 2315.659791 2323.549264 2361.942183 2420.511874 2443.038949 2466.132079 2488.472842 2510.595915 2533.426626 2542.171626 2551.404428 2559.726302 2582.846666 2589.050305 2610.630904 2617.201814 2629.257848 2631.248736 2639.147850 2645.066070 2650.589597 2660.238204 2663.952295 2664.937721 2666.104131 2669.134367 2669.764169 2672.591004 2676.645356 2678.117361 2678.649059 2678.829289 2682.190872 2682.923548 2684.256433 2684.438394 2684.700109 2685.703664 2686.615143 2687.214649 2688.482294 2689.391856 2690.051063 2690.961659 2696.400021 2700.640091 2711.475483 2729.626152 2766.395157 3139.778517 3241.648962 3504.654551 3554.335159 3947.841761 3983.054624 4260.047865 4708.203321 5262.954285 6024.080282 7065.633592 11197.88785 17400.06442 30347.60975 44628.63113 65211.16794 83033.38686 146879.3694 156333.4677 172754.7901 175287.9454 194690.4113 215081.8124 225470.7402 240364.2137 240991.1441 242963.0236 245054.9192 248972.6206 251019.7168 251467.6134 260137.6958 261103.7213 262438.9250 264720.0038 266472.1744 271170.7822 272879.3432 283713.2302 287122.6289 322374.8417 335734.8081 364290.3364 1093124.102 2749901.266 11746243.77
