Catches
 -68.6335 4.48293 -7.71001 -7.67519
Index
 12.1131 72.6825
Size-compositions
 -104.149 -249.517 -83.8033
Recruitment_penalities
 45.8765 0 0
Tagging_data
 0
Initial_size-structure
0
Other_penalties
 1.31724e-017 9.66319 6.45447 0 0 0 0 0 0
Total
-357.884

selectivity
1978 1 1  0.446952 0.644479 1
1978 1 2  0.999792 0.999979 1
1978 1 3  0.999792 0.999979 1
1978 1 4  0.79524 1.11111 1
1978 1 5  0.469265 1 1
2018 1 1  0.596861 1 1
2018 1 2  0.999792 0.999979 1
2018 1 3  0.999792 0.999979 1
2018 1 4  0.79524 1.11111 1
2018 1 5  0.469265 1 1
retained
1978 1 1  2.56817e-010 0.0006355 0.999999
2018 1 1  2.56817e-010 0.000635501 1
d3_obs_size_comps_1
 0.113311 0.393339 0.493349
 0.132913 0.176818 0.690269
 0.190519 0.267727 0.541754
 0.2807 0.2097 0.5096
 0.2942 0.2714 0.4344
 0.1478 0.2127 0.6395
 0.1595 0.2229 0.6176
 0.181818 0.205321 0.612861
 0.1927 0.2162 0.5911
 0.1413 0.3235 0.5352
 0.1314 0.3152 0.5534
 0.131387 0.305069 0.563544
 0.141686 0.317768 0.540546
 0.0939 0.2275 0.6786
 0.114811 0.251825 0.633363
d3_obs_size_comps_2
 0.3865 0.3478 0.2657
 0.4281 0.319 0.2529
 0.3588 0.322 0.3192
 0.1219 0.3065 0.5716
 0.167117 0.243524 0.589359
 0.1752 0.2726 0.5522
 0.1823 0.2085 0.6092
 0.2023 0.201 0.5967
 0.1984 0.4364 0.3652
 0.1944 0.3779 0.4277
 0.1879 0.3737 0.4384
 0.424558 0.225877 0.349565
 0.238 0.2332 0.5288
 0.2274 0.33 0.4426
 0.2263 0.2911 0.4826
 0.2296 0.2759 0.4945
 0.1989 0.2926 0.5085
 0.259274 0.30047 0.440256
 0.1998 0.3054 0.4948
 0.162216 0.310231 0.527553
 0.127613 0.321232 0.551155
 0.2224 0.2214 0.5562
 0.215422 0.218022 0.566557
 0.2253 0.2699 0.5048
 0.1127 0.2346 0.6527
 0.3762 0.2345 0.3893
 0.248825 0.184818 0.566357
 0.2825 0.2744 0.4431
 0.3276 0.2293 0.4431
 0.4394 0.3525 0.2081
 0.3745 0.2219 0.4036
 0.3057 0.4202 0.2741
 0.4081 0.3371 0.2548
 0.2179 0.394 0.3881
 0.1573 0.4393 0.4034
 0.210021 0.283428 0.506551
 0.1738 0.3912 0.435
 0.234 0.2994 0.4666
 0.2255 0.278 0.4965
 0.0849 0.2994 0.6157
 0.1475 0.2219 0.6306
 0.19612 0.234623 0.569257
d3_obs_size_comps_3
 0.159384 0.265573 0.575042
 0.0769 0.2205 0.7026
 0.149315 0.20492 0.645765
 0.0671933 0.248375 0.684432
 0.1257 0.3148 0.5595
 0.1299 0.3209 0.5492
 0.1556 0.2477 0.5967
 0.0706283 0.243197 0.686174
 0.0832 0.1917 0.7251
 0.1048 0.254 0.6412
 0.10201 0.21611 0.68188
d3_pre_size_comps_1
 0.206791 0.311494 0.481715
 0.197893 0.246344 0.555764
 0.21483 0.23578 0.54939
 0.227398 0.232305 0.540297
 0.159404 0.264365 0.576232
 0.187905 0.223091 0.589005
 0.194349 0.226723 0.578929
 0.111652 0.257306 0.631042
 0.099912 0.220434 0.679654
 0.188474 0.283253 0.528273
 0.171776 0.26644 0.561785
 0.157166 0.27545 0.567385
 0.0943691 0.318628 0.587002
 0.134039 0.244612 0.621348
 0.118059 0.227203 0.654737
d3_pre_size_comps_2
 0.390943 0.347373 0.261684
 0.414011 0.314042 0.271947
 0.308689 0.353008 0.338302
 0.121482 0.378766 0.499752
 0.161764 0.25039 0.587846
 0.109616 0.28829 0.602094
 0.150817 0.275747 0.573435
 0.263102 0.242046 0.494853
 0.35801 0.256824 0.385166
 0.309955 0.320756 0.369289
 0.27135 0.324085 0.404565
 0.450753 0.227008 0.322239
 0.265335 0.387278 0.347388
 0.264226 0.318713 0.417061
 0.285652 0.30378 0.410568
 0.300727 0.297685 0.401588
 0.215577 0.346433 0.43799
 0.255613 0.294062 0.450326
 0.262841 0.297111 0.440048
 0.156017 0.34839 0.495593
 0.143656 0.307111 0.549233
 0.216158 0.25563 0.528211
 0.224418 0.236678 0.538905
 0.205005 0.242404 0.552591
 0.0402716 0.277815 0.681913
 0.0083205 0.149048 0.842632
 0.13882 0.0581481 0.803032
 0.301987 0.107116 0.590897
 0.323017 0.218176 0.458807
 0.183843 0.315595 0.500563
 0.313736 0.206048 0.480216
 0.229516 0.287653 0.482831
 0.21061 0.272425 0.516965
 0.193382 0.28264 0.523977
 0.117865 0.331873 0.550262
 0.209725 0.267865 0.522411
 0.166637 0.253601 0.579762
 0.14777 0.237155 0.615075
 0.162767 0.201902 0.635332
 0.1251 0.204658 0.670242
 0.141821 0.171702 0.686478
 0.228488 0.156089 0.615424
d3_pre_size_comps_3
 0.174212 0.305671 0.520117
 0.0931128 0.303602 0.603285
 0.13566 0.244653 0.619686
 0.0873979 0.0558352 0.856767
 0.121472 0.318039 0.560489
 0.140202 0.276597 0.583201
 0.139485 0.271715 0.5888
 0.0952241 0.233086 0.67169
 0.105189 0.199007 0.695803
 0.0795263 0.198429 0.722045
 0.0905025 0.167116 0.742382
d3_res_size_comps_1
 -1.1422 0.64891 0.0901285
 -0.957041 -0.911183 1.45448
 -0.309529 0.360761 -0.0766282
 0.593112 -0.277641 -0.307024
 1.47906 0.0791047 -1.43068
 -0.56501 -0.126957 0.525832
 -0.475891 -0.0459228 0.397874
 0.909605 -0.643488 -0.18662
 1.17626 -0.0514243 -0.900618
 -0.957624 0.608335 0.0982112
 -0.845084 0.742126 -0.119257
 -0.53958 0.454883 -0.0547683
 0.95943 -0.0130636 -0.659165
 -0.973051 -0.288639 0.866851
 -0.0720381 0.401101 -0.313637
d3_res_size_comps_2
 -0.0645129 0.00634035 0.0642841
 0.201336 0.0752181 -0.309842
 0.738741 -0.469267 -0.289755
 0.00903438 -1.10835 1.02666
 0.101449 -0.113108 0.0217468
 1.21994 -0.24915 -0.70948
 0.576589 -1.17053 0.518302
 -1.03211 -0.698431 1.41574
 -1.91944 1.73654 -0.198869
 -1.73978 0.702208 0.703441
 -1.35953 0.652665 0.433957
 -0.374756 -0.0191181 0.405231
 -0.453872 -2.57644 2.56983
 -0.621258 0.169738 0.363582
 -1.00297 -0.197379 1.0193
 -1.19585 -0.344637 1.31405
 -0.29542 -0.836691 0.997306
 0.0590769 0.0988402 -0.143436
 -1.11484 0.127261 0.774353
 0.11891 -0.583297 0.452668
 -0.339993 0.213835 0.0273261
 0.0765316 -0.42039 0.28725
 -0.120847 -0.249527 0.308167
 0.327679 0.41781 -0.644763
 0.998363 -0.444535 -0.267451
 4.32928 1.1498 -5.30031
 1.24653 1.59875 -2.33963
 -0.198353 1.718 -1.36344
 0.0690407 0.187118 -0.223582
 3.64097 0.546231 -5.0943
 0.887754 0.269763 -1.10424
 1.1693 1.89883 -3.30886
 2.84134 0.967422 -4.25425
 0.419955 1.61149 -1.9716
 0.76589 1.53057 -2.11683
 0.00442084 0.210071 -0.19296
 0.133657 1.99372 -2.06476
 1.4402 0.961005 -2.10445
 1.06145 1.20107 -1.96342
 -0.660921 0.947963 -0.51383
 0.0891727 0.672626 -0.644605
 -0.576426 1.31046 -0.659255
d3_res_size_comps_3
 -0.405085 -0.907939 1.1111
 -0.608515 -2.00446 2.17264
 0.383127 -0.984353 0.545248
 -0.807033 4.45622 -3.7082
 0.127548 -0.0697431 -0.0199261
 -0.306445 0.94904 -0.683332
 0.444591 -0.556321 0.161035
 -0.960015 0.235684 0.312139
 -0.796185 -0.185633 0.656192
 0.82514 1.27663 -1.68551
 0.38021 1.19036 -1.29902
